SkyId,pred_x1,pred_y1,pred_x2,pred_y2,pred_x3, pred_y3
Sky1,1190,1120,70,2660,0.0,0.0
Sky2,350,3360,1470,420,420,4130
Sky3,2240,2310,0.0,0.0,0.0,0.0
Sky4,910,1470,0,3500,0.0,0.0
Sky5,2800,3080,3500,0,1680,490
Sky6,2170,4130,0.0,0.0,0.0,0.0
Sky7,980,3150,0.0,0.0,0.0,0.0
Sky8,700,980,0.0,0.0,0.0,0.0
Sky9,2940,2520,3360,280,2240,2520
Sky10,1890,3990,630,4130,0.0,0.0
Sky11,2310,1680,3430,1890,1470,2100
Sky12,2800,630,3360,70,0.0,0.0
Sky13,3990,3640,140,1820,0.0,0.0
Sky14,2800,1750,2730,1960,0.0,0.0
Sky15,2100,1610,0.0,0.0,0.0,0.0
Sky16,2870,2450,0.0,0.0,0.0,0.0
Sky17,1890,2940,1260,4130,0.0,0.0
Sky18,2940,1050,3360,280,0.0,0.0
Sky19,1680,3850,0.0,0.0,0.0,0.0
Sky20,700,70,0.0,0.0,0.0,0.0
Sky21,3080,2660,3290,2520,0.0,0.0
Sky22,210,2870,0.0,0.0,0.0,0.0
Sky23,3150,3500,0.0,0.0,0.0,0.0
Sky24,3360,700,0.0,0.0,0.0,0.0
Sky25,2100,1960,2380,3850,0,1260
Sky26,4060,1750,980,3780,0.0,0.0
Sky27,1260,630,0.0,0.0,0.0,0.0
Sky28,1820,1890,0.0,0.0,0.0,0.0
Sky29,1680,280,910,3850,1610,210
Sky30,1820,3220,1330,3920,0.0,0.0
Sky31,3430,140,0,4130,4130,0
Sky32,630,1960,0.0,0.0,0.0,0.0
Sky33,2450,2310,0.0,0.0,0.0,0.0
Sky34,3570,2170,0.0,0.0,0.0,0.0
Sky35,3500,2030,3430,1610,0.0,0.0
Sky36,3220,1540,840,490,0.0,0.0
Sky37,3010,1610,770,4130,0.0,0.0
Sky38,2660,140,2450,560,3010,3430
Sky39,3150,350,4060,3920,0.0,0.0
Sky40,2030,1330,2520,490,0.0,0.0
Sky41,1470,980,0.0,0.0,0.0,0.0
Sky42,3990,3710,2170,3920,0.0,0.0
Sky43,280,2310,1190,2800,1890,0
Sky44,3850,0,2310,980,0.0,0.0
Sky45,2660,1120,490,2380,0.0,0.0
Sky46,2870,3570,1190,1960,0.0,0.0
Sky47,3710,490,2520,2310,0.0,0.0
Sky48,560,980,0.0,0.0,0.0,0.0
Sky49,3990,1540,1610,2800,0.0,0.0
Sky50,3150,1190,140,140,840,3850
Sky51,840,210,1610,70,0.0,0.0
Sky52,3220,3920,0.0,0.0,0.0,0.0
Sky53,3570,3710,0.0,0.0,0.0,0.0
Sky54,1750,490,2310,2660,1260,210
Sky55,3430,770,2450,4060,3360,770
Sky56,980,2870,840,3990,1680,2240
Sky57,350,3290,3360,3010,0.0,0.0
Sky58,2240,2730,700,2520,0.0,0.0
Sky59,4130,4060,0.0,0.0,0.0,0.0
Sky60,1120,2870,1540,3500,0.0,0.0
Sky61,2240,2450,140,2100,0.0,0.0
Sky62,3290,350,1120,630,0.0,0.0
Sky63,3150,3080,0.0,0.0,0.0,0.0
Sky64,1750,2310,0.0,0.0,0.0,0.0
Sky65,3360,420,0.0,0.0,0.0,0.0
Sky66,2590,1260,0.0,0.0,0.0,0.0
Sky67,1680,2170,4130,2940,1050,3710
Sky68,3080,1890,910,910,3920,3990
Sky69,630,1330,2240,4130,0.0,0.0
Sky70,1540,2520,3010,3220,1820,2660
Sky71,2590,3080,0.0,0.0,0.0,0.0
Sky72,630,2590,3850,2240,0,3500
Sky73,3640,2660,0.0,0.0,0.0,0.0
Sky74,420,3080,700,2100,0.0,0.0
Sky75,2310,3640,1260,630,3990,3850
Sky76,840,3080,0.0,0.0,0.0,0.0
Sky77,3990,1470,3850,3710,0,1890
Sky78,2660,4060,3710,1190,2940,3430
Sky79,3080,3850,0.0,0.0,0.0,0.0
Sky80,4060,1540,0.0,0.0,0.0,0.0
Sky81,1470,350,1890,140,0.0,0.0
Sky82,980,1680,2730,1400,0.0,0.0
Sky83,3010,2870,70,210,0.0,0.0
Sky84,1260,1750,490,2380,0.0,0.0
Sky85,350,3430,280,2170,0.0,0.0
Sky86,2590,1680,3640,0,0.0,0.0
Sky87,3850,3150,1470,3080,3220,3990
Sky88,1120,70,1890,2450,0.0,0.0
Sky89,1330,1400,0.0,0.0,0.0,0.0
Sky90,2520,3150,4130,3920,0.0,0.0
Sky91,770,630,140,2100,0.0,0.0
Sky92,1960,2170,0.0,0.0,0.0,0.0
Sky93,2170,3920,2030,2170,0.0,0.0
Sky94,280,3430,840,3920,3570,630
Sky95,2380,770,0.0,0.0,0.0,0.0
Sky96,210,700,0.0,0.0,0.0,0.0
Sky97,1050,3220,0.0,0.0,0.0,0.0
Sky98,3500,560,3570,0,2380,3570
Sky99,3640,210,3990,0,350,1540
Sky100,280,140,0.0,0.0,0.0,0.0
Sky101,2100,1960,140,3080,700,4130
Sky102,980,2590,0.0,0.0,0.0,0.0
Sky103,1120,2520,1890,3500,0.0,0.0
Sky104,420,3640,1680,1540,0.0,0.0
Sky105,3010,3710,1470,3640,0.0,0.0
Sky106,4130,3010,0,1120,0.0,0.0
Sky107,3920,560,0.0,0.0,0.0,0.0
Sky108,2870,2590,0.0,0.0,0.0,0.0
Sky109,1190,1820,4130,2450,0.0,0.0
Sky110,3570,2450,0.0,0.0,0.0,0.0
Sky111,2170,1960,2380,2310,490,1540
Sky112,4060,1470,2450,1260,0.0,0.0
Sky113,1190,490,1820,2030,0.0,0.0
Sky114,2730,3430,0.0,0.0,0.0,0.0
Sky115,3710,1820,3360,4130,0.0,0.0
Sky116,350,3430,0.0,0.0,0.0,0.0
Sky117,2240,350,0.0,0.0,0.0,0.0
Sky118,3150,1680,1400,770,0.0,0.0
Sky119,2940,2870,140,3290,4130,2590
Sky120,1890,490,0.0,0.0,0.0,0.0
